# 相机内参
camera_matrix:
  rows: 3
  cols: 3
  data: [ 1766.761509,    0.        ,  712.697179 ,
         0.        , 1765.468721,  529.566384 ,
         0.        ,    0.        ,    1.         ]

# 相机畸变系数 (k1, k2, p1, p2, k3)
distortion_coefficients:
  rows: 1
  cols: 5
  data: [-0.060678, 0.102272, -0.001618, 0.000169, 0.0]

# 雷达 -> 相机 的外参 (T_cam_lidar)
# 这是一个4x4的变换矩阵，它将雷达系下的点变换到相机系下。
T_cam_lidar:
  rows: 4
  cols: 4
  data: [ 0.012154, -0.999824, -0.0142865, -0.000672637,
          -0.0032943, 0.0142474, -0.999893, 0.0406379,
          0.999921, 0.0121997, -0.00312055, 0.0564614,
          0.     ,  0.     ,  0.   ,  1.    ]