# 相机内参
camera_matrix:
  rows: 3
  cols: 3
  data: [ 692.6539,    0.    , 629.9868,
            0.    , 692.6539, 362.5298,
            0.    ,    0.    ,    1.    ]

# 相机畸变系数 (k1, k2, p1, p2, k3)
distortion_coefficients:
  rows: 1
  cols: 5
  data: [0.0, 0.0, 0.0, 0.0, 0.0]

# 雷达 -> 相机 的外参 (T_cam_lidar)
# 这是一个4x4的变换矩阵，它将雷达系下的点变换到相机系下。
T_cam_lidar:
  rows: 4
  cols: 4
  data: [ 0.00753374, -0.9999714, -0.00061660, -0.00406976,
          0.01480249,  0.00072807, -0.99989021, -0.07631618,
          0.99986213,  0.00752379,  0.01480755, -0.27178062,
          0.        ,  0.        ,  0.        ,  1.        ]