# 相机内参
camera_matrix:
  rows: 3
  cols: 3
  data: [ 1293.56944,    0.        ,  626.91359 ,
         0.        , 1293.3155,  522.799224 ,
         0.        ,    0.        ,    1.         ]

# 相机畸变系数 (k1, k2, p1, p2, k3)
distortion_coefficients:
  rows: 1
  cols: 5
  data: [-0.076160, 0.123001, -0.00113, 0.000251, 0.0]

# 雷达 -> 相机 的外参 (T_cam_lidar)
# 这是一个4x4的变换矩阵，它将雷达系下的点变换到相机系下。
T_cam_lidar:
  rows: 4
  cols: 4
  data: [ 0.00610193,-0.999863,-0.0154172, 0.0194384,
          -0.00615449,0.0153796,-0.999863,  0.104689,
          0.999962,0.00619598,-0.0060598, -0.0251952,
          0.     ,  0.     ,  0.   ,  1.    ]