# 相机内参
camera_matrix:
  rows: 3
  cols: 3
  data: [ 1766.761509,    0.        ,  712.697179 ,
         0.        , 1765.468721,  529.566384 ,
         0.        ,    0.        ,    1.         ]

# 相机畸变系数 (k1, k2, p1, p2, k3)
distortion_coefficients:
  rows: 1
  cols: 5
  data: [-0.060678, 0.102272, -0.001618, 0.000169, 0.0]

# 雷达 -> 相机 的外参 (T_cam_lidar)
# 这是一个4x4的变换矩阵，它将雷达系下的点变换到相机系下。
T_cam_lidar:
  rows: 4
  cols: 4
  data: [ 0.99997, -0.00665, 0.00380, -0.05140,
          0.00605, 0.38192, -0.92417, -0.02705,
          0.00470, 0.92417, 0.38195, -0.01743,
          0.     ,  0.     ,  0.   ,  1.    ]